0,528
0,527
0,526
0,525
0,524
0,523
0,522
0,521
0,520
0,519
0,518
0,517
56,4
56,3
56,2
56,1
56,0
55,4
55,3
55,2
55,1
55,0
54,4
54,3
54,2
54,1
54,0
53,3
53,2
53,1
53,0
52,3
52,2
52,1
52,0
14,5
14,4
51,5
51,4
51,3
51,2
51,1
51,0
0,516
50,4
50,3
50,2
50,1
50,0
0,515
48,4
49,5
49,4
49,3
49,2
49,1
49,0
0,514
0,513
0,512
48,3
48,2
0,511
48,1
48,0
0,510
47,4
47,3
47,2
0,509
47,1
47,0
46,3
46,2
46,1
46,0
0,508
0,507
0,506
0,505
0,504
0,503
0,502
0,501
0,500
0,499
0,498
45,5
45,4
45,3
45,2
45,1
45,0
0,497
0,496
0,495
0,494
0,493
0,492
0,491
0,490
0,489
44,4
44,3
44,2
44,1
44,0
0,488
43,3
43,2
43,1
43,0
0,487
0,486
0,485
0,484
0,483
0,482
0,481
0,480
0,479
0,478
0,477
0,476
42,5
42,4
42,3
42,2
42,1
42,0
0,475
0,474
41,4
41,3
41,2
41,1
41,0
38,4
0,473
0,472
0,471
0,470
0,469
0,468
40,5
40,4
40,3
40,2
40,1
40,0
0,467
